212 212 212 211 219 216 219 214 220 223 220 222 223 224 223 227
214 215 221 230 149 234 225 222 224 223 225 227 224 225 225 226
216 216 234 128 174 128 232 155 197 236 232 157 233 225 228 227
218 217 191  71 153 208 199 230 116 122 235 234 234 231 227 228
220 219 237 216 190 152 161 135 175 176 112  76 198 235 231 231
223 225 238 163 237 115 150 223   8 169 216  76 197  41 228 234
220 227 238 112 100 149  37 181 231 178 216 235 227 240 236 235
223 243 240  69 161 191 227 231 224 230 144 145 232 202 234 235
226 244 179 239 238 208 230 212  38 227 174 121  80 121 252 234
229 244 240 144 106 239 192 225  31 159 139 232  77 155 238 237
229 236 235 211  82 200 217 186 232  67 123 241 132 243 238 236
232 234 112 218  83 216 235 239 237 209 237 223 211 244 239 238
233  55 242 177 110 128 235 157 206 197 238 246 210 244 246 237
234 245 114 188  93  90 228 144 245 245 211 246 245 245 235 243
235 236 242 242 245 245 103 246 236 246 246  92 253 247 247 240
235 237 236 238 240 240 247 245 241 240 240 241 239 242 240 241
212 212 212 211 219 216 219 214 220 223 220 222 223 224 223 227
214 215 221 230 149 234 225 222 224 223 225 227 224 225 225 226
216 216 234 128 174 128 232 155 197 236 232 157 233 225 228 227
218 217 191  71 153 208 199 230 116 122 235 234 234 231 227 228
220 219 237 216 190 152 161 135 175 176 112  76 198 235 231 231
223 225 238 163 237 115 150 223   8 169 216  76 197  41 228 234
220 227 238 112 100 149  37 181 231 178 216 235 227 240 236 235
223 243 240  69 161 191 227 231 224 230 144 145 232 202 234 235
226 244 179 239 238 208 230 212  38 227 174 121  80 121 252 234
229 244 240 144 106 239 192 225  31 159 139 232  77 155 238 237
229 236 235 211  82 200 217 186 232  67 123 241 132 243 238 236
232 234 112 218  83 216 235 239 237 209 237 223 211 244 239 238
233  55 242 177 110 128 235 157 206 197 238 246 210 244 246 237
234 245 114 188  93  90 228 144 245 245 211 246 245 245 235 243
235 236 242 242 245 245 103 246 236 246 246  92 253 247 247 240
235 237 236 238 240 240 247 245 241 240 240 241 239 242 240 241
212 212 212 211 219 216 219 214 220 223 220 222 223 224 223 227
214 215 221 230 149 234 225 222 224 223 225 227 224 225 225 226
216 216 234 128 174 128 232 155 197 236 232 157 233 225 228 227
218 217 191  71 153 208 199 230 116 122 235 234 234 231 227 228
220 219 237 216 190 152 161 135 175 176 112  76 198 235 231 231
223 225 238 163 237 115 150 223   8 169 216  76 197  41 228 234
220 227 238 112 100 149  37 181 231 178 216 235 227 240 236 235
223 243 240  69 161 191 227 231 224 230 144 145 232 202 234 235
226 244 179 239 238 208 230 212  38 227 174 121  80 121 252 234
229 244 240 144 106 239 192 225  31 159 139 232  77 155 238 237
229 236 235 211  82 200 217 186 232  67 123 241 132 243 238 236
232 234 112 218  83 216 235 239 237 209 237 223 211 244 239 238
233  55 242 177 110 128 235 157 206 197 238 246 210 244 246 237
234 245 114 188  93  90 228 144 245 245 211 246 245 245 235 243
235 236 242 242 245 245 103 246 236 246 246  92 253 247 247 240
235 237 236 238 240 240 247 245 241 240 240 241 239 242 240 241

227 226 227 228 231 234 235 235 234 237 236 238 237 243 240 241
223 225 228 227 231 228 236 234 252 238 238 239 246 235 247 240
224 225 225 231 235  41 240 202 121 155 243 244 244 245 247 242
223 224 233 234 198 197 227 232  80  77 132 211 210 245 253 239
222 227 157 234  76  76 235 145 121 232 241 223 246 246  92 241
220 225 232 235 112 216 216 144 174 139 123 237 238 211 246 240
223 223 236 122 176 169 178 230 227 159  67 209 197 245 246 240
220 224 197 116 175   8 231 224  38  31 232 237 206 245 236 241
214 222 155 230 135 223 181 231 212 225 186 239 157 144 246 245
219 225 232 199 161 150  37 227 230 192 217 235 235 228 103 247
216 234 128 208 152 115 149 191 208 239 200 216 128  90 245 240
219 149 174 153 190 237 100 161 238 106  82  83 110  93 245 240
211 230 128  71 216 163 112  69 239 144 211 218 177 188 242 238
212 221 234 191 237 238 238 240 179 240 235 112 242 114 242 236
212 215 216 217 219 225 227 243 244 244 236 234  55 245 236 237
212 214 216 218 220 223 220 223 226 229 229 232 233 234 235 235
227 226 227 228 231 234 235 235 234 237 236 238 237 243 240 241
223 225 228 227 231 228 236 234 252 238 238 239 246 235 247 240
224 225 225 231 235  41 240 202 121 155 243 244 244 245 247 242
223 224 233 234 198 197 227 232  80  77 132 211 210 245 253 239
222 227 157 234  76  76 235 145 121 232 241 223 246 246  92 241
220 225 232 235 112 216 216 144 174 139 123 237 238 211 246 240
223 223 236 122 176 169 178 230 227 159  67 209 197 245 246 240
220 224 197 116 175   8 231 224  38  31 232 237 206 245 236 241
214 222 155 230 135 223 181 231 212 225 186 239 157 144 246 245
219 225 232 199 161 150  37 227 230 192 217 235 235 228 103 247
216 234 128 208 152 115 149 191 208 239 200 216 128  90 245 240
219 149 174 153 190 237 100 161 238 106  82  83 110  93 245 240
211 230 128  71 216 163 112  69 239 144 211 218 177 188 242 238
212 221 234 191 237 238 238 240 179 240 235 112 242 114 242 236
212 215 216 217 219 225 227 243 244 244 236 234  55 245 236 237
212 214 216 218 220 223 220 223 226 229 229 232 233 234 235 235
227 226 227 228 231 234 235 235 234 237 236 238 237 243 240 241
223 225 228 227 231 228 236 234 252 238 238 239 246 235 247 240
224 225 225 231 235  41 240 202 121 155 243 244 244 245 247 242
223 224 233 234 198 197 227 232  80  77 132 211 210 245 253 239
222 227 157 234  76  76 235 145 121 232 241 223 246 246  92 241
220 225 232 235 112 216 216 144 174 139 123 237 238 211 246 240
223 223 236 122 176 169 178 230 227 159  67 209 197 245 246 240
220 224 197 116 175   8 231 224  38  31 232 237 206 245 236 241
214 222 155 230 135 223 181 231 212 225 186 239 157 144 246 245
219 225 232 199 161 150  37 227 230 192 217 235 235 228 103 247
216 234 128 208 152 115 149 191 208 239 200 216 128  90 245 240
219 149 174 153 190 237 100 161 238 106  82  83 110  93 245 240
211 230 128  71 216 163 112  69 239 144 211 218 177 188 242 238
212 221 234 191 237 238 238 240 179 240 235 112 242 114 242 236
212 215 216 217 219 225 227 243 244 244 236 234  55 245 236 237
212 214 216 218 220 223 220 223 226 229 229 232 233 234 235 235

241 240 242 239 241 240 240 241 245 247 240 240 238 236 237 235
240 247 247 253  92 246 246 236 246 103 245 245 242 242 236 235
243 235 245 245 246 211 245 245 144 228  90  93 188 114 245 234
237 246 244 210 246 238 197 206 157 235 128 110 177 242  55 233
238 239 244 211 223 237 209 237 239 235 216  83 218 112 234 232
236 238 243 132 241 123  67 232 186 217 200  82 211 235 236 229
237 238 155  77 232 139 159  31 225 192 239 106 144 240 244 229
234 252 121  80 121 174 227  38 212 230 208 238 239 179 244 226
235 234 202 232 145 144 230 224 231 227 191 161  69 240 243 223
235 236 240 227 235 216 178 231 181  37 149 100 112 238 227 220
234 228  41 197  76 216 169   8 223 150 115 237 163 238 225 223
231 231 235 198  76 112 176 175 135 161 152 190 216 237 219 220
228 227 231 234 234 235 122 116 230 199 208 153  71 191 217 218
227 228 225 233 157 232 236 197 155 232 128 174 128 234 216 216
226 225 225 224 227 225 223 224 222 225 234 149 230 221 215 214
227 223 224 223 222 220 223 220 214 219 216 219 211 212 212 212
241 240 242 239 241 240 240 241 245 247 240 240 238 236 237 235
240 247 247 253  92 246 246 236 246 103 245 245 242 242 236 235
243 235 245 245 246 211 245 245 144 228  90  93 188 114 245 234
237 246 244 210 246 238 197 206 157 235 128 110 177 242  55 233
238 239 244 211 223 237 209 237 239 235 216  83 218 112 234 232
236 238 243 132 241 123  67 232 186 217 200  82 211 235 236 229
237 238 155  77 232 139 159  31 225 192 239 106 144 240 244 229
234 252 121  80 121 174 227  38 212 230 208 238 239 179 244 226
235 234 202 232 145 144 230 224 231 227 191 161  69 240 243 223
235 236 240 227 235 216 178 231 181  37 149 100 112 238 227 220
234 228  41 197  76 216 169   8 223 150 115 237 163 238 225 223
231 231 235 198  76 112 176 175 135 161 152 190 216 237 219 220
228 227 231 234 234 235 122 116 230 199 208 153  71 191 217 218
227 228 225 233 157 232 236 197 155 232 128 174 128 234 216 216
226 225 225 224 227 225 223 224 222 225 234 149 230 221 215 214
227 223 224 223 222 220 223 220 214 219 216 219 211 212 212 212
241 240 242 239 241 240 240 241 245 247 240 240 238 236 237 235
240 247 247 253  92 246 246 236 246 103 245 245 242 242 236 235
243 235 245 245 246 211 245 245 144 228  90  93 188 114 245 234
237 246 244 210 246 238 197 206 157 235 128 110 177 242  55 233
238 239 244 211 223 237 209 237 239 235 216  83 218 112 234 232
236 238 243 132 241 123  67 232 186 217 200  82 211 235 236 229
237 238 155  77 232 139 159  31 225 192 239 106 144 240 244 229
234 252 121  80 121 174 227  38 212 230 208 238 239 179 244 226
235 234 202 232 145 144 230 224 231 227 191 161  69 240 243 223
235 236 240 227 235 216 178 231 181  37 149 100 112 238 227 220
234 228  41 197  76 216 169   8 223 150 115 237 163 238 225 223
231 231 235 198  76 112 176 175 135 161 152 190 216 237 219 220
228 227 231 234 234 235 122 116 230 199 208 153  71 191 217 218
227 228 225 233 157 232 236 197 155 232 128 174 128 234 216 216
226 225 225 224 227 225 223 224 222 225 234 149 230 221 215 214
227 223 224 223 222 220 223 220 214 219 216 219 211 212 212 212

235 235 234 233 232 229 229 226 223 220 223 220 218 216 214 212
237 236 245  55 234 236 244 244 243 227 225 219 217 216 215 212
236 242 114 242 112 235 240 179 240 238 238 237 191 234 221 212
238 242 188 177 218 211 144 239  69 112 163 216  71 128 230 211
240 245  93 110  83  82 106 238 161 100 237 190 153 174 149 219
240 245  90 128 216 200 239 208 191 149 115 152 208 128 234 216
247 103 228 235 235 217 192 230 227  37 150 161 199 232 225 219
245 246 144 157 239 186 225 212 231 181 223 135 230 155 222 214
241 236 245 206 237 232  31  38 224 231   8 175 116 197 224 220
240 246 245 197 209  67 159 227 230 178 169 176 122 236 223 223
240 246 211 238 237 123 139 174 144 216 216 112 235 232 225 220
241  92 246 246 223 241 232 121 145 235  76  76 234 157 227 222
239 253 245 210 211 132  77  80 232 227 197 198 234 233 224 223
242 247 245 244 244 243 155 121 202 240  41 235 231 225 225 224
240 247 235 246 239 238 238 252 234 236 228 231 227 228 225 223
241 240 243 237 238 236 237 234 235 235 234 231 228 227 226 227
235 235 234 233 232 229 229 226 223 220 223 220 218 216 214 212
237 236 245  55 234 236 244 244 243 227 225 219 217 216 215 212
236 242 114 242 112 235 240 179 240 238 238 237 191 234 221 212
238 242 188 177 218 211 144 239  69 112 163 216  71 128 230 211
240 245  93 110  83  82 106 238 161 100 237 190 153 174 149 219
240 245  90 128 216 200 239 208 191 149 115 152 208 128 234 216
247 103 228 235 235 217 192 230 227  37 150 161 199 232 225 219
245 246 144 157 239 186 225 212 231 181 223 135 230 155 222 214
241 236 245 206 237 232  31  38 224 231   8 175 116 197 224 220
240 246 245 197 209  67 159 227 230 178 169 176 122 236 223 223
240 246 211 238 237 123 139 174 144 216 216 112 235 232 225 220
241  92 246 246 223 241 232 121 145 235  76  76 234 157 227 222
239 253 245 210 211 132  77  80 232 227 197 198 234 233 224 223
242 247 245 244 244 243 155 121 202 240  41 235 231 225 225 224
240 247 235 246 239 238 238 252 234 236 228 231 227 228 225 223
241 240 243 237 238 236 237 234 235 235 234 231 228 227 226 227
235 235 234 233 232 229 229 226 223 220 223 220 218 216 214 212
237 236 245  55 234 236 244 244 243 227 225 219 217 216 215 212
236 242 114 242 112 235 240 179 240 238 238 237 191 234 221 212
238 242 188 177 218 211 144 239  69 112 163 216  71 128 230 211
240 245  93 110  83  82 106 238 161 100 237 190 153 174 149 219
240 245  90 128 216 200 239 208 191 149 115 152 208 128 234 216
247 103 228 235 235 217 192 230 227  37 150 161 199 232 225 219
245 246 144 157 239 186 225 212 231 181 223 135 230 155 222 214
241 236 245 206 237 232  31  38 224 231   8 175 116 197 224 220
240 246 245 197 209  67 159 227 230 178 169 176 122 236 223 223
240 246 211 238 237 123 139 174 144 216 216 112 235 232 225 220
241  92 246 246 223 241 232 121 145 235  76  76 234 157 227 222
239 253 245 210 211 132  77  80 232 227 197 198 234 233 224 223
242 247 245 244 244 243 155 121 202 240  41 235 231 225 225 224
240 247 235 246 239 238 238 252 234 236 228 231 227 228 225 223
241 240 243 237 238 236 237 234 235 235 234 231 228 227 226 227
